*MATERIAL DESCRIPTION: 316L
CP1
CUBIC           
 1.0   1.0   1.0   90.   90.   90.
*ELASTIC STIFFNESS TENSOR
 197000.0   125000.0   125000.0      000.0      000.0      000.0
 125000.0   197000.0   125000.0      000.0      000.0      000.0
 125000.0   125000.0   197000.0      000.0      000.0      000.0
    000.0      000.0      000.0   122000.0      000.0      000.0
    000.0      000.0      000.0      000.0   122000.0      000.0
    000.0      000.0      000.0      000.0      000.0   122000.0  
*THERMAL EXPANSION COEFFICIENTS
 10.0e-6  10.0e-6  10.0e-6   0.0e0   0.0e0   0.0e0
*SLIP AND TWINNING MODES
 1          nmodesx
 1          nmodes
 1          mode(i)
*ISOTROPIC HARDENING PARAMETERS (QX,BX)
 1.06  4.88  0.	0.  0.  0.  0.	0.  0.
*FCC SLIP
 1   12   2                          modex,nsmx,iopsysx
 87.0 10.0 10.0  2.4d+5   3.63d+3  0.   0.          tau0,k,n,cx,ax
 1.   1.                                hself, hlat
-1  1  1   0 -1  1
-1  1  1   1  0  1
-1  1  1   1  1  0
 1  1  1   0 -1  1
 1  1  1  -1  0  1
 1  1  1  -1  1  0
-1 -1  1   0  1  1
-1 -1  1   1  0  1
-1 -1  1  -1  1  0
 1 -1  1   0  1  1
 1 -1  1  -1  0  1
 1 -1  1   1  1  0
HMTRX
1.000 1.000 1.000 77.200 4.310 4.310 0.438 4.310 2.410 0.438 2.410 4.310 
1.000 1.000 1.000 4.310 0.438 2.410 4.310 77.200 4.310 2.410 0.438 4.310 
1.000 1.000 1.000 4.310 2.410 0.438 2.410 4.310 0.438 4.310 4.310 77.200 
77.200 4.310 4.310 1.000 1.000 1.000 0.438 2.410 4.310 0.438 4.310 2.410 
4.310 0.438 2.410 1.000 1.000 1.000 2.410 0.438 4.310 4.310 77.200 4.310 
4.310 2.410 0.438 1.000 1.000 1.000 4.310 4.310 77.200 2.410 4.310 0.438 
0.438 4.310 2.410 0.438 2.410 4.310 1.000 1.000 1.000 77.200 4.310 4.310 
4.310 77.200 4.310 2.410 0.438 4.310 1.000 1.000 1.000 4.310 0.438 2.410 
2.410 4.310 0.438 4.310 4.310 77.200 1.000 1.000 1.000 4.310 2.410 0.438 
0.438 2.410 4.310 0.438 4.310 2.410 77.200 4.310 4.310 1.000 1.000 1.000 
2.410 0.438 4.310 4.310 77.200 4.310 4.310 0.438 2.410 1.000 1.000 1.000 
4.310 4.310 77.200 2.410 4.310 0.438 4.310 2.410 0.438 1.000 1.000 1.000 
